Condition:mean,std
ITD50:-0.0985799568533272,0.169783881521297
ITD500:0.645420682220561,0.116702871985527
ILD10:0.619957598776597,0.1121914501717
ILD70n:0.774476993707093,0.110974338729489
